##FastQC	0.10.1
>>Basic Statistics	pass
#Measure	Value	
Filename	PiuraChilensis_Valdivia.fastq	
File type	Conventional base calls	
Encoding	Sanger / Illumina 1.9	
Total Sequences	683347	
Filtered Sequences	0	
Sequence length	51-1201	
%GC	44	
>>END_MODULE
>>Per base sequence quality	fail
#Base	Mean	Median	Lower Quartile	Upper Quartile	10th Percentile	90th Percentile
1	38.670483663497464	40.0	37.0	40.0	37.0	40.0
2	38.63714042792315	40.0	37.0	40.0	37.0	40.0
3	38.59408177690105	40.0	37.0	40.0	37.0	40.0
4	38.08944796713822	40.0	37.0	40.0	36.0	40.0
5	37.26962436361029	40.0	37.0	40.0	31.0	40.0
6	36.37873876668808	39.0	37.0	40.0	27.0	40.0
7	35.988603154766174	39.0	36.0	40.0	26.0	40.0
8	35.829146831697514	39.0	35.0	40.0	26.0	40.0
9	35.86162374313489	39.0	35.0	40.0	26.0	40.0
10-14	36.16388277112507	39.0	36.8	40.0	26.0	40.0
15-19	36.40386567878399	39.8	37.0	40.0	26.0	40.0
20-24	36.65997538585814	40.0	37.0	40.0	26.6	40.0
25-29	36.652697970430836	40.0	37.0	40.0	26.8	40.0
30-34	36.557666310088436	40.0	37.0	40.0	26.0	40.0
35-39	36.484780645850506	40.0	37.0	40.0	26.0	40.0
40-44	36.302142249837935	40.0	36.2	40.0	25.2	40.0
45-49	36.312003418468215	40.0	36.0	40.0	25.4	40.0
50-59	36.21326333184457	39.7	35.9	40.0	25.6	40.0
60-69	36.03864540386088	39.0	35.7	40.0	26.0	40.0
70-79	35.9546499616025	39.0	35.0	40.0	26.0	40.0
80-89	35.89122164171323	39.0	35.0	40.0	25.6	40.0
90-99	35.79753960946737	39.0	35.0	40.0	25.0	40.0
100-149	35.44747196811569	39.0	34.28	40.0	23.64	40.0
150-199	34.65283399387207	39.0	32.12	40.0	20.78	40.0
200-249	33.24902670598708	37.94	28.36	40.0	18.06	40.0
250-299	31.939590336404358	36.22	25.34	40.0	16.34	40.0
300-349	30.321625786345955	33.4	22.2	40.0	14.08	40.0
350-399	27.701114570859794	29.0	18.42	38.54	11.46	40.0
400-449	23.90773136793014	23.74	15.76	32.4	11.0	37.06
450-499	20.313648339818553	19.02	12.74	26.9	11.0	32.4
500-599	15.729325491437649	13.61	11.04	19.18	11.0	25.24
600-699	12.193896249273765	11.0	11.0	13.13	11.0	16.68
700-799	12.038634917728253	11.0	11.0	13.0	9.65	16.18
800-899	11.85216231462084	11.0	11.0	13.0	8.06	16.06
900-999	11.632416304140408	11.0	11.0	12.76	8.0	15.77
1000-1099	11.30081861188433	11.0	10.69	12.24	7.59	15.29
1100-1199	11.133814825810427	11.0	9.210526315789474	11.873684210526315	7.2	15.042105263157895
1200-1201	5.771428571428571	0.0	0.0	0.0	0.0	0.0
>>END_MODULE
>>Per sequence quality scores	pass
#Quality	Count
9	2.0
10	6.0
11	38.0
12	160.0
13	762.0
14	2892.0
15	5572.0
16	7452.0
17	9586.0
18	11357.0
19	12959.0
20	14345.0
21	16268.0
22	18597.0
23	21161.0
24	23541.0
25	25489.0
26	25684.0
27	23964.0
28	21692.0
29	23487.0
30	30438.0
31	38457.0
32	44850.0
33	49781.0
34	55761.0
35	63770.0
36	69507.0
37	49362.0
38	15069.0
39	1337.0
40	1.0
>>END_MODULE
>>Per base sequence content	fail
#Base	G	A	T	C
1	100.0	0.0	0.0	0.0
2	0.0	100.0	0.0	0.0
3	0.0	0.0	0.0	100.0
4	0.0	0.0	100.0	0.0
5	45.46820853235928	18.76009763978646	7.852158846117824	27.919534981736444
6	23.33772849602021	18.938956019592375	41.87599787510226	15.847317609285158
7	19.510692444240217	26.376744574021743	31.173381060185886	22.93918192155216
8	22.852593745975625	35.7973237177611	24.79131788753995	16.558764648723322
9	20.43410752883294	32.84547943681923	30.668795448192903	16.05161758615492
10-14	19.53873013224923	28.087998349262655	32.58218930503665	19.79108221345146
15-19	21.589684797316185	27.573978663752293	28.838793347942282	21.99754319098924
20-24	21.97283823497991	27.932083001989383	28.80182612103525	21.29325264199546
25-29	21.81986715580305	28.584478173547417	28.33718800433409	21.258466666315442
30-34	21.601857494162406	28.56585083734165	28.776378940048225	21.055912728447723
35-39	22.02173841780658	28.404969349861148	28.413720678658233	21.159571553674038
40-44	21.888620917749122	28.539287365876216	28.711826307871526	20.86026540850314
45-49	21.871899237172098	29.10120245936043	27.8491601634188	21.177738140048668
50-59	21.857691542055527	29.113119006077355	27.63897996463659	21.39020948723053
60-69	22.242640411000522	28.39240658117382	27.770719829246616	21.594233178579046
70-79	22.32085488344449	28.095032420184218	27.563769362146	22.020343334225288
80-89	22.105753258804786	28.808502384091096	27.21202719970605	21.87371715739807
90-99	22.31573406240914	28.105435593093166	27.733682551890375	21.84514779260732
100-149	22.342711970201282	28.256494294079594	27.55816867678137	21.842625058937756
150-199	22.6363714873555	28.100628039665143	27.45470564910076	21.8082948238786
200-249	22.45813581799605	27.942528639692966	27.56591370313585	22.033421839175134
250-299	22.295696435377234	27.828280987493663	27.687572154674122	22.188450422454977
300-349	22.26559321782184	27.743911207559492	27.592168402078464	22.3983271725402
350-399	22.29129925697583	27.519567710742987	28.095486452591445	22.093646579689736
400-449	22.27343325284145	27.91574269567746	27.794432785061378	22.016391266419713
450-499	23.033777501274084	28.191608248484652	27.094217277685612	21.680396972555656
500-599	24.200380917170307	28.54007388531656	26.459145257968725	20.800399939544413
600-699	23.67302634696489	30.296677308913424	25.975646235132444	20.054650108989243
700-799	24.13510552468966	29.668734070447588	25.710526798320405	20.485633606542347
800-899	24.588282801090287	29.62142881179123	25.363596594541843	20.42669179257664
900-999	23.96191871109484	30.333211277920174	25.433906993775174	20.270963017209816
1000-1099	25.011814744801512	30.11283081285444	25.06202741020794	19.813327032136105
1100-1199	25.433326427732894	29.272840273461775	24.7841999861888	20.509633312616533
1200-1201	17.647058823529413	29.411764705882355	35.294117647058826	17.647058823529413
>>END_MODULE
>>Per base GC content	fail
#Base	%GC
1	100.0
2	0.0
3	100.0
4	0.0
5	73.38774351409572
6	39.18504610530537
7	42.449874365792375
8	39.41135839469895
9	36.48572511498786
10-14	39.329812345700695
15-19	43.58722798830543
20-24	43.26609087697537
25-29	43.078333822118495
30-34	42.657770222610125
35-39	43.181309971480616
40-44	42.74888632625226
45-49	43.04963737722077
50-59	43.247901029286055
60-69	43.83687358957957
70-79	44.34119821766978
80-89	43.97947041620285
90-99	44.16088185501646
100-149	44.185337029139035
150-199	44.4446663112341
200-249	44.491557657171185
250-299	44.484146857832215
300-349	44.663920390362044
350-399	44.384945836665565
400-449	44.28982451926116
450-499	44.714174473829736
500-599	45.00078085671472
600-699	43.72767645595413
700-799	44.62073913123201
800-899	45.01497459366692
900-999	44.232881728304655
1000-1099	44.82514177693761
1100-1199	45.94295974034942
1200-1201	35.294117647058826
>>END_MODULE
>>Per sequence GC content	fail
#GC Content	Count
0	0.0
1	0.0
2	0.0
3	0.3333333333333333
4	0.4
5	0.6000000000000001
6	0.7833333333333333
7	1.15
8	2.0595238095238093
9	1.5333333333333334
10	0.65
11	2.08015873015873
12	2.2777777777777777
13	2.3952380952380947
14	2.392857142857143
15	4.128210678210678
16	3.8528138528138527
17	5.023448773448773
18	12.596825396825398
19	15.15681818181818
20	18.054076479076468
21	34.856168831168844
22	52.617893217893375
23	80.16875901875913
24	124.43549783549796
25	204.60768398268198
26	323.0525613275637
27	494.8916305916508
28	826.8388167387769
29	1206.9284992784546
30	1583.7082251083007
31	2008.7005050507257
32	2681.9812409813794
33	4191.50930735895
34	5887.240331890646
35	5830.718362194186
36	3884.22842712763
37	3458.7831529575856
38	3568.699531023854
39	3896.7993145733726
40	4489.047691196868
41	5270.297077922081
42	6080.068398269269
43	6874.047871574635
44	7627.202922080417
45	8175.456024533884
46	8594.722691199755
47	8627.514862916956
48	8442.86904762155
49	7999.8358225137745
50	7879.634632037537
51	6380.052633478916
52	5209.426911976911
53	5118.912698412714
54	3360.277344876683
55	2176.0823232325756
56	1707.783621933808
57	1506.777633477731
58	1225.6453823953686
59	1331.8081168831363
60	985.967243867169
61	519.146897546918
62	293.6898268398262
63	247.9794011543966
64	139.33336940836986
65	112.0825396825403
66	62.44920634920618
67	49.834126984127145
68	80.70681818181828
69	41.60165945165953
70	38.21349206349211
71	57.07023809523797
72	72.36349206349192
73	77.73333333333326
74	43.863095238095205
75	27.52619047619044
76	22.11904761904759
77	12.576190476190467
78	3.1777777777777776
79	0.8666666666666666
80	0.5
81	0.0
82	0.0
83	0.0
84	0.0
85	0.0
86	0.2
87	0.0
88	0.0
89	0.0
90	0.0
91	0.0
92	0.0
93	0.0
94	0.0
95	0.0
96	0.0
97	0.0
98	0.0
99	0.0
100	0.0
>>END_MODULE
>>Per base N content	warn
#Base	N-Count
1	0.0
2	0.0
3	0.0
4	0.0
5	0.0027804321962341242
6	0.002926770732878025
7	0.0020487395130146177
8	0.001609723903082914
9	0.0020487395130146177
10-14	0.00234141658630242
15-19	0.0031609123915082673
20-24	0.0027511644889053437
25-29	0.0029560384402068057
30-34	0.0026048259522614427
35-39	0.0032487155134946085
40-44	0.003365786342809729
45-49	0.006936446636920919
50-59	0.02202409479872831
60-69	0.046230670998895676
70-79	0.0669031720387772
80-89	0.07672484882306191
90-99	0.08305404604403856
100-149	0.12179439758086032
150-199	0.1693993529604871
200-249	0.22558191233512753
250-299	0.2727462423349017
300-349	0.3300992879909921
350-399	0.439975206275545
400-449	0.552770291886175
450-499	0.9318689068437919
500-599	1.6590029716828405
600-699	2.002339303491251
700-799	1.8805463974560221
800-899	1.958714249423471
900-999	1.562274721426953
1000-1099	2.1248301581336184
1100-1199	1.4964968369498672
1200-1201	5.555555555555555
>>END_MODULE
>>Sequence Length Distribution	warn
#Length	Count
50-99	497.0
100-149	1940.0
150-199	3634.0
200-249	5477.0
250-299	7023.0
300-349	8665.0
350-399	11681.0
400-449	18827.0
450-499	96812.0
500-549	324245.0
550-599	145021.0
600-649	35545.0
650-699	9838.0
700-749	5620.0
750-799	3548.0
800-849	2088.0
850-899	1276.0
900-949	701.0
950-999	372.0
1000-1049	208.0
1050-1099	122.0
1100-1149	64.0
1150-1199	108.0
1200-1202	35.0
>>END_MODULE
>>Sequence Duplication Levels	fail
#Total Duplicate Percentage	52.604829315617565
#Duplication Level	Relative count
1	100.0
2	21.195594432836348
3	7.806778340475263
4	3.8573502850869428
5	2.26298827779155
6	1.3967489464178207
7	0.9080284732797393
8	0.6388780677834047
9	0.5305096150440911
10++	3.061231717250416
>>END_MODULE
>>Overrepresented sequences	warn
#Sequence	Count	Percentage	Possible Source
GACTCGCTTGAAAAAATTCCTTTCGTACTATTTCTCTGTTTTTTTAAAAG	1200	0.1756062439726815	No Hit
GACTGCTTGAAAAAATTCCTTTCGTACTATTTCTCTGTTTTTTTAAAAGA	1007	0.14736290640040858	No Hit
GACTCCGCTTGAAAAAATTCCTTTCGTACTATTTCTCTGTTTTTTTAAAA	821	0.12014393858464294	No Hit
>>END_MODULE
>>Kmer Content	fail
#Sequence	Count	Obs/Exp Overall	Obs/Exp Max	Max Obs/Exp Position
TTTTT	1490695	2.6458693	30.530987	1100-1196
AAAAA	1556275	2.5260768	29.264816	1000-1099
TTTTC	963285	2.164534	5.4971275	6
GGAGG	549795	2.1591082	5.315329	500-599
GAAAA	966195	1.9559301	6.94065	5
GACTG	590165	1.9550062	530.59985	1
TCTTC	685715	1.9506686	9.195696	4
AGGCA	590015	1.9198791	6.493845	500-599
ATTTT	1081130	1.884923	7.0113273	5
GGGAG	479640	1.8836014	5.4555254	500-599
GTCGT	537425	1.8124101	9.068862	1100-1196
AAAAT	1083145	1.7898256	5.5931735	7
CGTGG	428720	1.7712376	5.332869	500-599
GTGGG	422465	1.6889943	5.223289	500-599
GGGGA	412050	1.6181675	9.479918	1100-1196
TGGGA	496930	1.5929581	12.692512	4
TGAAA	763160	1.5727801	14.306586	4
TCTTT	682680	1.5340053	11.66585	4
CTTTT	679995	1.527972	15.62193	3
CTTTC	533875	1.518726	9.276291	3
CTGGA	450890	1.4936379	44.76265	3
GACTC	429240	1.4694016	334.87308	1
AGGGG	372905	1.4644407	8.672148	1100-1196
GGAAA	577935	1.4591364	7.1788077	5
GTTTT	670665	1.4583094	13.52818	1100-1196
TCTTG	527675	1.452582	12.893663	4
TGGAA	564975	1.452145	16.670115	4
AAAAC	692725	1.4491557	13.620111	1000-1099
TGCTG	429490	1.4484105	7.0068192	4
GTACG	435340	1.4421264	10.106037	600-699
ACTTT	650985	1.4368677	30.706446	2
TCTCC	397395	1.4311733	6.9162927	4
CTCCA	402980	1.425573	14.581375	3
CGTAC	415095	1.4209796	8.891791	600-699
CTTGG	417245	1.4071156	5.6853924	3
TATTT	805970	1.4051884	13.487421	4
TGAAG	546290	1.4041193	6.168473	4
TCAAA	651410	1.3873067	8.427012	4
CTTTG	503630	1.386391	5.7974935	3
CTGCT	397545	1.3854488	29.852356	3
AGGAA	544130	1.3737874	10.106939	1100-1196
AAAAG	673310	1.3630245	6.382084	1100-1196
TCTGG	402855	1.3585868	9.319243	4
ACTTC	484685	1.3543643	7.9519987	2
CTGCC	305465	1.3477077	36.985275	3
CTGCA	391020	1.3385645	25.467173	3
ACTGG	401355	1.3295462	125.11317	2
TTTTA	757240	1.3202288	10.438269	1100-1196
TCGAC	382945	1.3109217	6.2035875	4
CTCTC	363680	1.3097525	33.244377	3
GTTGG	400665	1.3075382	5.5355253	5
TGTTG	490630	1.306961	20.882004	4
TGGAG	407220	1.3053837	8.345987	4
GTGAA	504635	1.2970542	7.202284	5
TGCAG	391360	1.2964363	6.1653705	4
TGTTT	588480	1.2796044	25.643799	4
GTTTC	462025	1.2718608	5.9396315	5
CTTGA	467875	1.2651445	9.068419	3
CTCCC	277055	1.2631819	24.351948	3
TAAAA	759680	1.2553209	11.255014	1000-1099
TCTGC	359845	1.254064	6.144798	4
CTGGG	303530	1.2540207	37.28544	3
CCCGG	231490	1.2512124	28.400204	1100-1196
CTCTG	358950	1.2509449	28.468887	3
ACGTA	470110	1.2486649	9.339389	600-699
GGTCG	299355	1.2367718	16.538872	1100-1196
ACTGC	361195	1.2364658	98.03604	2
GGGGG	251775	1.2331461	62.048023	1100-1196
GGGAA	390980	1.2311182	7.953136	1100-1196
AAATA	744465	1.2301791	13.229909	1100-1196
CCGGG	233810	1.2229149	30.39504	1100-1196
TGGTT	457155	1.2177889	5.9329333	4
CTCCT	337240	1.2145319	12.244997	3
CCCCG	217430	1.2144619	28.193718	1100-1196
TGTTC	440830	1.2135153	16.271418	4
TGCAA	454590	1.2074419	8.681862	4
TACGT	445715	1.2052233	8.618544	600-699
GTTTG	451885	1.2037505	6.8670225	5
ACTGT	444685	1.2024382	184.99454	2
GTCGA	361575	1.1977692	5.4567685	5
CTCTT	420590	1.1964613	43.40424	3
AAACC	442595	1.1933136	19.174301	1000-1099
CTGGT	353820	1.1932212	20.855131	3
GTTGT	446505	1.1894189	7.883342	5
TGCCC	269565	1.1893175	7.2560825	4
CTGTT	430610	1.1853819	84.58521	3
ACTTG	431865	1.1677727	21.830484	2
TCGAA	439510	1.1673877	7.921857	4
AAGGA	460545	1.1627569	20.213879	1100-1196
ACCGG	277185	1.1624507	19.009424	1100-1196
CTGTC	331980	1.1569542	56.82998	3
CTTGC	331850	1.1565012	5.992032	3
TCCGG	270720	1.1558168	6.515348	4
CTGTG	341700	1.1523479	43.09249	3
CTGAA	432595	1.1490208	34.501247	3
CTCCG	259590	1.145308	26.431055	3
AACGT	429630	1.1411453	9.950807	700-799
TGTCG	338075	1.1401228	16.647713	4
TCGCC	258390	1.1400135	5.9140487	4
CGAAC	338340	1.1377053	26.922117	1100-1196
CCTTT	399505	1.1364805	5.413853	1000-1099
CCGGT	264960	1.131225	16.359179	1100-1196
GGTTT	422930	1.1266189	17.937471	1100-1196
TGCTT	406840	1.1199479	9.849424	4
GCTTG	331220	1.1170051	5.2074537	5
CTCGA	325965	1.1158642	27.920351	3
TGGAC	336710	1.1154002	6.575256	4
ACGTT	412120	1.1143818	9.437982	700-799
TGGAT	425020	1.112126	6.380915	4
TGTGG	339625	1.1083391	10.784704	4
CCCTT	306715	1.1045996	5.410959	1000-1099
AACCC	317240	1.1023766	20.193499	1100-1196
TGCTC	315020	1.0978484	5.273386	4
GACTT	405735	1.0971165	74.41268	1
TGTGA	418605	1.0953401	16.566097	4
TGTCA	403935	1.0922492	16.415283	4
ACGGA	335665	1.0922371	6.5879016	1100-1196
CGGGG	215510	1.0907745	32.268963	1100-1196
AACGG	334980	1.090008	20.24446	1100-1196
GTCAA	408300	1.0844905	6.1897736	5
TGTCC	310980	1.0837687	8.821916	4
GTTGA	414025	1.0833559	5.4569893	5
TGGCA	326955	1.0830854	11.929394	4
CTGGC	253535	1.0824469	38.62957	3
GTTCA	399075	1.0791076	5.4579797	5
TGCCA	314150	1.0754182	10.942316	4
CCGTT	305860	1.0659257	13.03819	1100-1196
TTTAC	481375	1.062501	7.140416	800-899
GGTAC	320300	1.0610397	6.9663653	700-799
TCGAG	319990	1.0600128	5.132116	4
TCCGA	309185	1.0584217	6.547741	4
AAGGG	335285	1.0557457	8.760144	1100-1196
AAACG	404320	1.0548913	11.095908	1100-1196
TCCCC	230755	1.0520855	6.4835305	1100-1196
GTACC	306160	1.0480664	6.05285	700-799
CCCCC	181470	1.0474538	60.887226	1100-1196
ACTCC	295825	1.0465039	66.69485	2
GTAAC	391780	1.0406115	10.105322	1100-1196
TTACC	371670	1.0385642	9.240573	800-899
GTTAC	383425	1.0367897	8.017845	700-799
CTCGT	297475	1.0367038	14.355722	3
TGGGG	258570	1.0337502	11.047894	4
TCGGA	311690	1.0325179	7.429186	4
ACTGA	388595	1.0321519	67.3436	2
GACCC	237950	1.0312314	34.697903	1100-1196
AACCG	306660	1.0311779	18.861559	1000-1099
GACTA	388005	1.0305847	177.32678	1
TCCCA	291080	1.029718	5.881836	4
ACTAC	374305	1.0273955	15.629284	2
CGTTT	372215	1.0246322	10.878089	1100-1196
TCTCG	293180	1.0217357	10.079624	4
AATAA	616590	1.0188742	6.6149545	1100-1196
TCCCG	230485	1.0168971	7.2560835	4
TGGCC	237855	1.0155025	5.37076	4
GGGTT	310715	1.0139936	21.940968	1100-1196
CTGAC	295850	1.0127726	12.230597	3
GTAAA	486765	1.0031636	6.9713755	900-999
TCTGA	370370	1.0014888	6.7473445	4
ACGGT	301950	1.0002527	12.383497	800-899
ACCGT	291885	0.9991993	9.933352	800-899
CCCGT	225590	0.99530035	9.66037	1100-1196
GGTAA	384495	0.98826057	16.292736	1100-1196
ACCCC	220350	0.9868454	23.36164	1100-1196
TCGGG	238625	0.9858686	5.3356586	4
GAACT	370385	0.983784	5.3775268	1100-1196
TCAGA	370155	0.9831732	5.0393147	4
TCTCA	349885	0.9776901	7.484084	4
TGGCT	289880	0.9775902	6.337433	4
ACCCG	224800	0.9742418	12.805767	1000-1099
ACGGG	238935	0.9696589	18.00665	1100-1196
TTTAA	565145	0.96785814	14.752424	1000-1099
GGGGT	241655	0.9661248	26.87944	1100-1196
ACTCT	345635	0.96581423	99.90418	2
TGTCT	350650	0.9652681	7.62124	4
TTAAA	570565	0.9598272	14.238287	1000-1099
TTACG	353170	0.95497954	7.769322	700-799
CTCAA	347125	0.9527916	22.754753	3
TGGCG	230460	0.9521352	9.542416	4
CGGTT	281950	0.95084715	13.586904	900-999
CTCGC	215150	0.94923913	28.682924	3
TCGTA	348435	0.94217604	5.474526	1100-1196
TACCG	274315	0.9390525	9.109239	700-799
CTGAT	346915	0.9380658	14.791072	3
CGGTA	282365	0.9353747	13.192894	1100-1196
CGTAA	350495	0.930954	7.765349	700-799
TATTC	418430	0.9235675	5.501986	4
CTCGG	216255	0.923283	23.023664	3
ACTCG	269170	0.9214398	82.735	2
CTATT	413785	0.91331494	35.50377	3
TACCC	255560	0.90406334	7.104487	1100-1196
GGGTA	280940	0.9005809	10.603396	1100-1196
TACGG	270995	0.89770997	9.054101	700-799
CGGGT	216355	0.89386106	13.925174	1100-1196
TTAAC	409370	0.88756037	10.079556	1100-1196
TGCCT	254410	0.8866218	5.974108	4
CTCAC	248635	0.8795656	12.511349	3
TAAAC	409950	0.87306964	9.698237	1100-1196
TAACC	317950	0.87271166	13.294551	1100-1196
GTTAA	409170	0.85846	10.605812	900-999
TCGCT	246065	0.85753936	8.103227	4
CTCAG	249720	0.8548574	14.666126	3
CCGTA	248715	0.85141706	7.1465573	700-799
CTCAT	302050	0.8440239	8.211544	3
TAACG	317555	0.84346163	10.334424	700-799
TATTA	487465	0.8348246	6.0304503	4
ACTCA	303140	0.8320612	52.286285	2
TATCA	382855	0.8300729	5.510691	4
GTTTA	388270	0.82930446	9.199447	1000-1099
TAGAA	401895	0.82825685	6.6618857	4
GGTTA	315585	0.82577354	10.542085	900-999
CTGTA	304740	0.8240238	23.267014	3
CGTTA	302565	0.81814253	9.195375	700-799
TGTGC	241680	0.81504065	5.2507668	4
CCCCT	176695	0.8056088	6.3098655	1100-1196
TCCGC	181315	0.79995954	6.3917217	4
TCGCA	233395	0.7989726	6.035923	4
CTGAG	241130	0.7987778	10.98999	3
CTACG	233210	0.7983393	5.329928	3
TGCGA	238550	0.79023117	6.122674	4
ACTAA	369285	0.7864656	42.940514	2
TGCCG	181855	0.776415	7.80301	4
CTGCG	180840	0.77208155	18.148193	3
ACTAG	290610	0.7718928	31.124846	2
GAGTG	240695	0.77157146	10.553847	1000-1099
CTAGT	280075	0.7573291	5.478692	3
ACTAT	347800	0.75406975	63.275627	2
TGTAA	350210	0.73475885	7.5229926	4
CTAAA	344640	0.73397917	21.866154	3
TGTTA	330445	0.70579624	11.072342	4
ACTTA	302955	0.6568407	5.8290477	2
CTAGG	197200	0.6532534	5.3370204	3
CTAAC	236580	0.64936674	6.7358594	3
CGCTT	185675	0.64707947	5.075895	5
CTATC	229640	0.6416873	17.21543	3
ATAAC	290035	0.6176869	5.727066	1100-1196
TATCG	216985	0.58673227	5.0744486	4
CTATG	210685	0.56969696	9.549374	3
CTCTA	199560	0.5576342	8.650933	3
CTAAT	246455	0.53434235	9.305511	3
CTAGA	200400	0.5322849	14.71387	3
CTAAG	173030	0.4595871	8.366844	3
CTATA	175825	0.38120848	7.3885202	3
CTAGC	109700	0.37553203	8.700843	3
>>END_MODULE
