##FastQC	0.10.1
>>Basic Statistics	pass
#Measure	Value	
Filename	PiuraChilensis_Valdivia_trimmer_out.fastq	
File type	Conventional base calls	
Encoding	Sanger / Illumina 1.9	
Total Sequences	683347	
Filtered Sequences	0	
Sequence length	32-431	
%GC	44	
>>END_MODULE
>>Per base sequence quality	warn
#Base	Mean	Median	Lower Quartile	Upper Quartile	10th Percentile	90th Percentile
1	36.6432383547451	40.0	37.0	40.0	26.0	40.0
2	36.66403159741683	40.0	37.0	40.0	26.0	40.0
3	36.664182326109575	40.0	37.0	40.0	27.0	40.0
4	36.66459792755364	40.0	37.0	40.0	27.0	40.0
5	36.66382672346553	40.0	37.0	40.0	27.0	40.0
6	36.66609936093961	40.0	37.0	40.0	27.0	40.0
7	36.66878613647239	40.0	37.0	40.0	27.0	40.0
8	36.655545425676856	40.0	37.0	40.0	27.0	40.0
9	36.645670501224124	40.0	37.0	40.0	27.0	40.0
10-14	36.576331205083214	40.0	37.0	40.0	26.0	40.0
15-19	36.51368016542108	40.0	37.0	40.0	26.0	40.0
20-24	36.32493564762852	40.0	36.4	40.0	25.4	40.0
25-29	36.29920845485529	40.0	36.0	40.0	25.2	40.0
30-34	36.31262143586503	40.0	36.0	40.0	25.6	40.0
35-39	36.17365363359219	39.6	35.8	40.0	25.6	40.0
40-44	36.05469124122529	39.0	36.0	40.0	26.0	40.0
45-49	36.03129228022128	39.0	35.6	40.0	26.0	40.0
50-59	35.96259242963312	39.0	35.0	40.0	26.0	40.0
60-69	35.8963995938121	39.0	35.0	40.0	25.7	40.0
70-79	35.816473227433775	39.0	35.0	40.0	25.0	40.0
80-89	35.67497243930489	39.0	35.0	40.0	25.0	40.0
90-99	35.59802125945838	39.0	34.9	40.0	24.1	40.0
100-149	35.18889158552171	39.0	33.54	40.0	22.44	40.0
150-199	34.20177232859506	38.9	30.88	40.0	19.84	40.0
200-249	32.686385139367054	37.28	26.98	40.0	17.3	40.0
250-299	31.411354513808195	35.24	24.24	40.0	15.7	40.0
300-349	29.424641953220338	31.9	20.68	39.8	12.94	40.0
350-399	26.791962020910333	27.34	17.58	37.22	11.0	40.0
400-431	22.50527378127108	22.25	14.96875	30.15625	11.0	35.21875
>>END_MODULE
>>Per sequence quality scores	pass
#Quality	Count
5	1.0
6	1.0
7	4.0
8	5.0
9	6.0
10	14.0
11	25.0
12	91.0
13	200.0
14	851.0
15	2631.0
16	4628.0
17	6503.0
18	8277.0
19	9885.0
20	11357.0
21	12780.0
22	14039.0
23	15616.0
24	17767.0
25	19699.0
26	22030.0
27	23831.0
28	24741.0
29	23207.0
30	21218.0
31	23037.0
32	30277.0
33	40168.0
34	51712.0
35	62567.0
36	76803.0
37	89986.0
38	63397.0
39	5992.0
40	1.0
>>END_MODULE
>>Per base sequence content	pass
#Base	G	A	T	C
1	22.163408066498857	27.89351987355851	28.94705262541708	20.99601943452555
2	21.856739160021483	27.960259143865233	28.689778100382394	21.493223595730885
3	21.537669042765387	28.13445274851353	28.739867677984233	21.588010530736845
4	22.09262847342141	27.549126925125705	29.03039810809387	21.32784649335901
5	22.213750623784442	28.123056390113693	28.60203503729536	21.061157948806507
6	21.860333748457915	27.967494428013445	28.580669048145186	21.591502775383454
7	22.137309623498318	28.165843964075236	28.52965753815579	21.167188874270654
8	21.720710516379985	28.680996408783994	28.346167467153688	21.252125607682334
9	21.59218294049985	29.00533566701691	28.27625467200136	21.126226720481878
10-14	21.60361992539465	28.75247501569522	28.608854592736442	21.035050466173686
15-19	22.01740719591481	28.389733401275468	28.453685250947352	21.139174151862374
20-24	21.869420655501635	28.418232053901228	28.727660670487204	20.984686620109933
25-29	21.887728520667107	29.062121327424823	28.039361459254096	21.01078869265397
30-34	21.92870812752871	29.241985255246515	27.568432903058486	21.260873714166287
35-39	21.762946763803075	29.048733611158685	27.672107535097773	21.516212089940467
40-44	22.009081989417716	28.678947955556872	27.885467030867577	21.426503024157835
45-49	22.3550761348482	28.2519762145586	27.700738712135365	21.692208938457835
50-59	22.381452708501637	28.028790077429278	27.549009154780645	22.040748059288436
60-69	22.057182923325726	28.8018970240918	27.28699389629041	21.85392615629206
70-79	22.328647860000583	28.185013255699822	27.58759452315604	21.898744361143557
80-89	22.46615193090414	27.985737163417756	28.072933800336706	21.475177105341395
90-99	22.27554052428876	28.51684711031066	27.37233771071721	21.83527465468337
100-149	22.433996898537426	28.197927938403524	27.479184787809714	21.888890375249336
150-199	22.63001841272169	28.049519814666557	27.431868790732384	21.888592981879373
200-249	22.32218776635164	27.95752598065841	27.64191763820835	22.0783686147816
250-299	22.329365512031583	27.763911192972618	27.63336206807987	22.273361226915934
300-349	22.249224083367398	27.580825151912958	27.88399897828264	22.285951786437007
350-399	22.220757908383373	27.715718104414112	27.944436184566996	22.119087802635516
400-431	22.386918657098015	27.8989638012402	27.7549629752267	21.959154566435082
>>END_MODULE
>>Per base GC content	pass
#Base	%GC
1	43.15942750102441
2	43.34996275575237
3	43.12567957350223
4	43.420474966780425
5	43.274908572590945
6	43.45183652384137
7	43.304498497768975
8	42.97283612406232
9	42.71840966098173
10-14	42.63867039156833
15-19	43.156581347777184
20-24	42.85410727561157
25-29	42.89851721332108
30-34	43.189581841694995
35-39	43.279158853743546
40-44	43.43558501357555
45-49	44.047285073306035
50-59	44.42220076779007
60-69	43.91110907961779
70-79	44.22739222114414
80-89	43.941329036245534
90-99	44.11081517897213
100-149	44.32288727378676
150-199	44.518611394601066
200-249	44.400556381133235
250-299	44.60272673894751
300-349	44.5351758698044
350-399	44.33984571101889
400-431	44.3460732235331
>>END_MODULE
>>Per sequence GC content	fail
#GC Content	Count
0	1.4999999999999998
1	1.0
2	0.2
3	0.0
4	0.7333333333333334
5	1.1833333333333333
6	0.65
7	1.0
8	1.0
9	2.05
10	3.9333333333333345
11	4.733333333333335
12	6.350000000000001
13	9.0
14	11.149999999999997
15	13.849999999999994
16	17.716666666666654
17	24.933333333333305
18	24.699999999999978
19	33.41666666666665
20	39.60000000000004
21	58.16666666666689
22	84.15000000000047
23	132.6166666666674
24	217.96666666666357
25	362.38333333332275
26	504.56666666664864
27	814.2000000000462
28	1253.1666666668052
29	1741.0166666669115
30	2317.966666666746
31	3176.6833333326676
32	3650.633333332248
33	5067.633333330976
34	6301.216666663224
35	6663.533333329589
36	5874.699999996959
37	4021.099999998618
38	4194.466666665132
39	4698.383333331356
40	5352.316666664108
41	6139.183333330067
42	7011.549999995946
43	8199.499999994934
44	8691.899999996684
45	9512.233333332882
46	9797.46666666721
47	9908.216666667655
48	9963.300000001194
49	9538.266666666335
50	8863.466666663955
51	8393.916666662264
52	6619.383333329615
53	4834.31666666455
54	4500.799999998172
55	3085.466666666081
56	2249.6666666667975
57	1702.5166666669022
58	1559.4333333335412
59	1432.816666666847
60	1096.350000000109
61	786.166666666707
62	483.9999999999826
63	383.8499999999872
64	266.6333333333271
65	154.33333333333283
66	103.70000000000081
67	47.41666666666677
68	35.64999999999999
69	52.516666666666865
70	47.90000000000014
71	46.70000000000014
72	48.9833333333335
73	45.16666666666677
74	65.7000000000004
75	81.93333333333393
76	107.16666666666761
77	80.36666666666726
78	17.649999999999995
79	1.9333333333333333
80	1.0
81	0.5
82	0.0
83	0.0
84	0.0
85	0.0
86	0.0
87	0.2
88	0.0
89	0.0
90	0.0
91	0.0
92	0.0
93	0.0
94	0.0
95	0.0
96	0.0
97	0.0
98	0.0
99	0.0
100	0.0
>>END_MODULE
>>Per base N content	pass
#Base	N-Count
1	0.003951140489385334
2	0.002926770732878025
3	0.0020487395130146177
4	0.002195078049658519
5	0.002634093659590223
6	0.002634093659590223
7	0.004390156099317038
8	0.0019024009763707165
9	0.0030731092695219266
10-14	0.002634093659590223
15-19	0.002985306147535586
20-24	0.003365786342809729
25-29	0.00570720292911215
30-34	0.013668027323176847
35-39	0.026048488236473447
40-44	0.038253979496803585
45-49	0.04908476092326181
50-59	0.06524826099772758
60-69	0.0763570541343114
70-79	0.08169049391487086
80-89	0.09546152086401025
90-99	0.10738809589039089
100-149	0.14222832100707455
150-199	0.18722030011610344
200-249	0.24736690414400891
250-299	0.28874477852090685
300-349	0.37282119435026273
350-399	0.4698002409400289
400-431	0.5923979303463439
>>END_MODULE
>>Sequence Length Distribution	warn
#Length	Count
30-39	13.0
40-49	51.0
50-59	104.0
60-69	162.0
70-79	148.0
80-89	187.0
90-99	253.0
100-109	382.0
110-119	528.0
120-129	567.0
130-139	550.0
140-149	722.0
150-159	714.0
160-169	825.0
170-179	786.0
180-189	886.0
190-199	893.0
200-209	1100.0
210-219	1266.0
220-229	1252.0
230-239	1248.0
240-249	1369.0
250-259	1365.0
260-269	1436.0
270-279	1606.0
280-289	1563.0
290-299	1587.0
300-309	1781.0
310-319	1779.0
320-329	1920.0
330-339	1954.0
340-349	2174.0
350-359	2245.0
360-369	2465.0
370-379	2776.0
380-389	2783.0
390-399	3227.0
400-409	3564.0
410-419	4088.0
420-429	4877.0
430-432	626151.0
>>END_MODULE
>>Sequence Duplication Levels	fail
#Total Duplicate Percentage	51.90963246797568
#Duplication Level	Relative count
1	100.0
2	20.624358848245528
3	7.557510434086087
4	3.7956183864757382
5	2.1872936018324642
6	1.3511614507946768
7	0.8867216593358722
8	0.6274504293081885
9	0.5206503562344542
10++	2.9756467728109497
>>END_MODULE
>>Overrepresented sequences	warn
#Sequence	Count	Percentage	Possible Source
CTTTCGTACTATTTCTCTGTTTTTTTAAAAGAAAAAATCTAAACTAGGTC	1084	0.15863097372198898	No Hit
TTTCGTACTATTTCTCTGTTTTTTTAAAAGAAAAAATCTAAACTAGGTCG	909	0.13302172980930624	No Hit
CCTTTCGTACTATTTCTCTGTTTTTTTAAAAGAAAAAATCTAAACTAGGT	793	0.1160464595586137	No Hit
TCCTTTCGTACTATTTCTCTGTTTTTTTAAAAGAAAAAATCTAAACTAGG	747	0.10931488687299426	No Hit
>>END_MODULE
>>Kmer Content	warn
#Sequence	Count	Obs/Exp Overall	Obs/Exp Max	Max Obs/Exp Position
TTTTT	1141385	2.462982	6.093003	20-24
>>END_MODULE
