##FastQC	0.10.1
>>Basic Statistics	pass
#Measure	Value	
Filename	PiuraChilensis_Coquimbo_trimmer_out.fastq	
File type	Conventional base calls	
Encoding	Sanger / Illumina 1.9	
Total Sequences	758154	
Filtered Sequences	0	
Sequence length	36-431	
%GC	43	
>>END_MODULE
>>Per base sequence quality	warn
#Base	Mean	Median	Lower Quartile	Upper Quartile	10th Percentile	90th Percentile
1	36.720521160608534	40.0	37.0	40.0	26.0	40.0
2	36.752555549400256	40.0	38.0	40.0	27.0	40.0
3	36.76092324250746	40.0	38.0	40.0	27.0	40.0
4	36.76397011688918	40.0	37.0	40.0	27.0	40.0
5	36.785577864127866	40.0	38.0	40.0	27.0	40.0
6	36.79732745589946	40.0	38.0	40.0	27.0	40.0
7	36.80670022185466	40.0	38.0	40.0	27.0	40.0
8	36.7994444400478	40.0	38.0	40.0	27.0	40.0
9	36.779633161600415	40.0	37.0	40.0	27.0	40.0
10-14	36.68269085172669	40.0	37.0	40.0	26.2	40.0
15-19	36.56986285108303	40.0	37.0	40.0	26.0	40.0
20-24	36.29292492026686	40.0	37.0	40.0	25.0	40.0
25-29	36.25672620602147	40.0	37.0	40.0	25.0	40.0
30-34	36.29956051145282	40.0	37.0	40.0	25.0	40.0
35-39	36.20630550159365	40.0	36.8	40.0	25.2	40.0
40-44	36.2241748444481	40.0	37.0	40.0	26.0	40.0
45-49	36.219646096261826	40.0	37.0	40.0	26.0	40.0
50-59	36.14894807544016	40.0	36.2	40.0	26.0	40.0
60-69	36.109845812249375	40.0	36.3	40.0	26.0	40.0
70-79	36.065692812390395	40.0	35.8	40.0	25.7	40.0
80-89	35.92890498809096	40.0	35.0	40.0	25.0	40.0
90-99	35.891054329237065	40.0	35.0	40.0	24.8	40.0
100-149	35.532840274076825	40.0	34.42	40.0	23.12	40.0
150-199	34.72489339735003	39.28	32.18	40.0	20.4	40.0
200-249	33.48919585708702	39.0	28.84	40.0	18.02	40.0
250-299	32.32782280886451	37.68	26.12	40.0	16.38	40.0
300-349	30.611513680415513	34.16	22.42	40.0	13.88	40.0
350-399	28.261554004503587	30.1	18.64	39.28	11.8	40.0
400-431	23.951839172872493	24.28125	15.6875	32.15625	11.0	36.625
>>END_MODULE
>>Per sequence quality scores	pass
#Quality	Count
6	1.0
7	0.0
8	2.0
9	4.0
10	10.0
11	29.0
12	103.0
13	248.0
14	801.0
15	2417.0
16	4422.0
17	6464.0
18	8027.0
19	9438.0
20	11184.0
21	12224.0
22	13900.0
23	15193.0
24	16996.0
25	18488.0
26	20783.0
27	21619.0
28	21707.0
29	21097.0
30	20600.0
31	23880.0
32	31649.0
33	41907.0
34	54746.0
35	69728.0
36	89362.0
37	113669.0
38	96479.0
39	10977.0
>>END_MODULE
>>Per base sequence content	pass
#Base	G	A	T	C
1	21.59225662461962	27.88203435080772	30.105959618476785	20.419749406095878
2	21.349381698268754	27.979554822753506	29.7677823577906	20.90328112118714
3	21.000369334669973	28.208463040151955	29.45496755131114	21.336200073866934
4	21.266498004278994	27.778378677838134	29.94188270489446	21.013240612988408
5	22.005869744435287	28.24138499587799	29.091508656224235	20.66123660346249
6	21.36277958706127	28.267559393083218	29.3018188245505	21.06784219530501
7	21.620926447194517	28.469428403344054	29.321402096232536	20.5882430532289
8	21.005375103050287	29.063149216817806	29.099686727122837	20.831788953009067
9	21.04776502121014	29.32433573222464	29.061978979802884	20.56592026676234
10-14	20.95517278858157	29.16303931469165	29.535983859207036	20.345804037519745
15-19	21.441505611219274	28.590626335533504	29.471880589455026	20.495987463792204
20-24	21.358992785257737	28.652614961541424	29.77888297597302	20.209509277227816
25-29	21.347195887771665	29.814394118272467	28.63846544909827	20.19994454485759
30-34	21.26483938271123	30.155409191789882	28.024680153192982	20.555071272305906
35-39	21.006825065028888	29.93191822165181	28.157812939495823	20.903443773823476
40-44	21.411018595146007	29.298649698525566	28.455714080629633	20.834617625698794
45-49	22.00062181603008	28.63293904144261	28.192283674795494	21.17415546773181
50-59	21.91741206483829	28.324686151380153	27.977060989426977	21.780840794354578
60-69	21.46669726037561	29.505836788547747	27.622316966491173	21.40514898458547
70-79	21.85203023064143	28.68518314803778	28.08427064001679	21.378515981304005
80-89	22.07006303792157	28.358939901804792	28.765008431302192	20.805988628971445
90-99	21.739113195854298	29.31214796995041	27.715699088047472	21.233039746147817
100-149	21.96795240480914	28.725350458663502	27.994891661677755	21.3118054748496
150-199	22.24894338809285	28.532235395497867	27.91631329128752	21.302507925121763
200-249	21.85728195399204	28.54045219783568	28.060485614827822	21.541780233344458
250-299	21.871118732418886	28.195886771517497	28.077027993663613	21.85596650240001
300-349	21.70600463307827	27.914705671580816	28.454621010957776	21.924668684383146
350-399	21.6735128293926	28.162640678866175	28.495346723926595	21.668499767814627
400-431	21.76271048982341	28.376436308870943	28.37367071344714	21.487182487858504
>>END_MODULE
>>Per base GC content	pass
#Base	%GC
1	42.01200603071549
2	42.25266281945589
3	42.3365694085369
4	42.279738617267405
5	42.66710634789778
6	42.43062178236628
7	42.209169500423414
8	41.83716405605936
9	41.61368528797248
10-14	41.30097682610131
15-19	41.93749307501148
20-24	41.56850206248556
25-29	41.54714043262926
30-34	41.81991065501713
35-39	41.91026883885237
40-44	42.24563622084481
45-49	43.17477728376189
50-59	43.69825285919287
60-69	42.871846244961084
70-79	43.23054621194543
80-89	42.87605166689302
90-99	42.97215294200211
100-149	43.279757879658746
150-199	43.55145131321461
200-249	43.3990621873365
250-299	43.727085234818894
300-349	43.63067331746141
350-399	43.34201259720722
400-431	43.24989297768192
>>END_MODULE
>>Per sequence GC content	fail
#GC Content	Count
0	2.8333333333333335
1	1.0
2	0.8
3	0.8
4	2.15
5	2.4000000000000004
6	2.1
7	2.25
8	3.850000000000001
9	5.200000000000002
10	5.100000000000002
11	7.250000000000003
12	8.433333333333335
13	11.083333333333327
14	11.966666666666656
15	11.749999999999995
16	18.64999999999998
17	30.266666666666627
18	36.133333333333326
19	44.250000000000085
20	53.75000000000016
21	70.7500000000003
22	93.61666666666723
23	149.48333333333315
24	244.1833333333285
25	396.86666666665377
26	615.4000000000026
27	972.7000000000808
28	1512.2666666668626
29	2069.9166666669603
30	2762.3166666663637
31	3883.9499999987124
32	4583.499999998067
33	7171.449999995731
34	8826.816666663775
35	10038.500000001412
36	8003.933333328346
37	5180.39999999757
38	4967.916666664432
39	5486.849999997297
40	6383.949999996497
41	7337.516666662325
42	8089.1833333283075
43	8899.549999997382
44	9169.599999998376
45	9652.633333333377
46	10031.350000001361
47	10010.566666667986
48	9827.700000000705
49	9295.333333332153
50	8801.533333330395
51	8992.033333331048
52	6934.183333329329
53	4791.283333331228
54	4500.466666664809
55	2700.733333333077
56	1983.6666666669669
57	1349.6333333334971
58	1131.2500000001166
59	1031.666666666762
60	862.8833333333912
61	699.0500000000212
62	438.699999999984
63	384.0833333333203
64	259.46666666666056
65	152.31666666666652
66	116.93333333333439
67	60.850000000000314
68	56.33333333333362
69	53.70000000000024
70	34.51666666666663
71	37.45
72	48.350000000000165
73	41.750000000000064
74	45.41666666666678
75	87.46666666666736
76	98.33333333333418
77	94.40000000000079
78	9.749999999999998
79	2.6333333333333337
80	1.2
81	1.0
82	0.0
83	0.0
84	0.0
85	0.0
86	0.0
87	0.0
88	0.0
89	0.0
90	0.0
91	0.0
92	0.0
93	0.0
94	0.0
95	0.0
96	0.0
97	0.0
98	0.0
99	0.0
100	0.0
>>END_MODULE
>>Per base N content	pass
#Base	N-Count
1	0.004616476335942302
2	0.0038250803926379077
3	0.004484577012058236
4	0.004220778364290105
5	0.0038250803926379077
6	0.003561281744869776
7	0.004220778364290105
8	0.0038250803926379077
9	0.00342938242098571
10-14	0.0033238629618784574
15-19	0.003956979716521973
20-24	0.005223213225809004
25-29	0.008415176863803397
30-34	0.013664769954389212
35-39	0.024032088509839046
40-44	0.0352440385869462
45-49	0.043582019936927424
50-59	0.056315301311926226
60-69	0.06551876454250065
70-79	0.07591642726974018
80-89	0.08819848328175442
90-99	0.10025236714679889
100-149	0.14018742136525067
150-199	0.17867430854360733
200-249	0.22079162373987282
250-299	0.2516896855914248
300-349	0.303567256059465
350-399	0.3689475073613566
400-431	0.48014648341784605
>>END_MODULE
>>Sequence Length Distribution	warn
#Length	Count
30-39	7.0
40-49	60.0
50-59	75.0
60-69	138.0
70-79	168.0
80-89	206.0
90-99	259.0
100-109	321.0
110-119	416.0
120-129	485.0
130-139	613.0
140-149	661.0
150-159	740.0
160-169	905.0
170-179	971.0
180-189	1077.0
190-199	1139.0
200-209	1252.0
210-219	1388.0
220-229	1384.0
230-239	1343.0
240-249	1292.0
250-259	1418.0
260-269	1574.0
270-279	1696.0
280-289	1646.0
290-299	1739.0
300-309	1731.0
310-319	1893.0
320-329	1959.0
330-339	1943.0
340-349	2115.0
350-359	2168.0
360-369	2339.0
370-379	2594.0
380-389	3017.0
390-399	3238.0
400-409	3465.0
410-419	4134.0
420-429	4895.0
430-432	699690.0
>>END_MODULE
>>Sequence Duplication Levels	warn
#Total Duplicate Percentage	48.087285419288456
#Duplication Level	Relative count
1	100.0
2	17.60876989734077
3	6.244600847792459
4	2.9532106958460846
5	1.6848703198976756
6	1.053378781080701
7	0.7018060791942623
8	0.5651949721755318
9	0.3930917638235038
10++	2.7275345043494568
>>END_MODULE
>>Overrepresented sequences	warn
#Sequence	Count	Percentage	Possible Source
CTTTCGTACTATTTCTCTGTTTTTTTAAAAGAAAAAATCTAAACTAGGTC	2549	0.33621137658048367	No Hit
TTTCGTACTATTTCTCTGTTTTTTTAAAAGAAAAAATCTAAACTAGGTCG	1935	0.25522519171566727	No Hit
CCTTTCGTACTATTTCTCTGTTTTTTTAAAAGAAAAAATCTAAACTAGGT	1554	0.2049715493158382	No Hit
TCCTTTCGTACTATTTCTCTGTTTTTTTAAAAGAAAAAATCTAAACTAGG	1540	0.20312495878146128	No Hit
TTCCTTTCGTACTATTTCTCTGTTTTTTTAAAAGAAAAAATCTAAACTAG	1476	0.19468340205288107	No Hit
TAATCATTACCTCGCGCTCCGAAAACCAACAAAATAGAACCGAGGTCCTA	987	0.13018463267357291	No Hit
ACTCACGTATATTTTTGATTGGTGAACAAACAAACTTCTCTATCTTCTAC	979	0.12912943808250038	No Hit
CACGTATATTTTTGATTGGTGAACAAACAAACTTCTCTATCTTCTACGAC	944	0.12451296174655808	No Hit
TTAAGTGCTATCGATAATGCTTGGATGAGTATCAAAAAATTAGGGAATTT	921	0.12147927729722457	No Hit
TTGTTTAATAAAAACTTTGTCTATTGTGGCTTATAATAGGTCTAGTCTGC	903	0.1191050894673114	No Hit
GTACTATTTCTCTGTTTTTTTAAAAGAAAAAATCTAAACTAGGTCGCCCC	861	0.11356531786418063	No Hit
AACTCACGTATATTTTTGATTGGTGAACAAACAAACTTCTCTATCTTCTA	858	0.11316961989252844	No Hit
CTCACGTATATTTTTGATTGGTGAACAAACAAACTTCTCTATCTTCTACG	826	0.10894884152823833	No Hit
TGTTAAGTGCTATCGATAATGCTTGGATGAGTATCAAAAAATTAGGGAAT	783	0.1032771706012235	No Hit
AAAATCTAAACTAGGTCGCCCCGTTCTAAACCCAACTCACGTATATTTTT	771	0.1016943787146147	No Hit
>>END_MODULE
>>Kmer Content	warn
#Sequence	Count	Obs/Exp Overall	Obs/Exp Max	Max Obs/Exp Position
TTTTT	1511905	2.669551	8.158263	20-24
CTTTC	470270	1.4407078	5.9173465	1
GGTCG	266635	1.3453084	6.1114	45-49
AGGTC	316990	1.224315	5.570803	45-49
CCCCG	175820	1.2098264	5.1289434	50-59
TTTCG	384780	1.158497	5.965849	2
CGTAC	291225	1.1445179	6.58576	5
TTCGT	367510	1.1065003	5.4523787	3
GTCGC	193515	0.9934948	5.3548956	45-49
TCGTA	296025	0.88321173	5.049443	4
GTACT	288820	0.8617151	5.2666264	6
>>END_MODULE
